HighBP: 0.035072197912265596
HighChol: 0.02530426273667147
CholCheck: -0.01098760286856916
BMI: 0.012644825744429353
Smoker: -0.0014026500966912209
Stroke: 0.004486532499455025
HeartDiseaseorAttack: 0.012990494998683174
PhysActivity: -0.02324570538097831
Fruits: -0.014511384577447455
Veggies: -0.0190251376844704
HvyAlcoholConsump: -0.005538883080814036
AnyHealthcare: -0.013420401070475397
NoDocbcCost: -0.0011508527064198848
GenHlth: 0.038256456070428456
MentHlth: -0.007475106095211097
PhysHlth: 0.02609545740596062
DiffWalk: 0.015599311643828648
Sex: 0.00040541774531929715
Age: 0.03586807483594124
Education: -0.10191318396368598
Income: -0.14112227058604754
