HighBP: 0.2675921473973473
HighChol: 0.21568558831436926
CholCheck: -0.05190922099270884
BMI: 0.023707584240587967
Smoker: -0.021253078505331938
Stroke: 0.027885957664360025
HeartDiseaseorAttack: 0.09734379195706139
PhysActivity: -0.11054577257470566
Fruits: -0.07546784030251338
Veggies: -0.09085357232559381
HvyAlcoholConsump: -0.04410019351151122
AnyHealthcare: -0.0662963451303126
NoDocbcCost: -0.0199412204334747
GenHlth: 0.27258849540908003
MentHlth: -0.01076325130089792
PhysHlth: 0.006065470222736887
DiffWalk: 0.07556989879375148
Sex: 0.06858102781962308
Age: 0.09857161639453209
Education: -0.2932769848480126
Income: -0.157277474267554
