HighBP: 0.060517119781400314
HighChol: 0.04221576599481937
CholCheck: -0.026104903752526717
BMI: 0.009497686952818218
Smoker: -0.007899360083690438
Stroke: 0.0071095334035973425
HeartDiseaseorAttack: 0.0243654562414792
PhysActivity: -0.04488160374235115
Fruits: -0.028285056141697126
Veggies: -0.03508857249055835
HvyAlcoholConsump: -0.009160268484196023
AnyHealthcare: -0.027553234244072914
NoDocbcCost: -0.004550755487445209
GenHlth: 0.04449787167308233
MentHlth: -0.0133223345873071
PhysHlth: 0.021796918918926458
DiffWalk: 0.02706003866350567
Sex: -0.001497370012920187
Age: 0.008819794489256442
Education: -0.18868322143142086
Income: -0.20900898638706053
