Education: -0.29223230501390823
GenHlth: 0.27731475307931663
HighBP: 0.27370537904749476
HighChol: 0.22105000499650584
Income: -0.1512946890895178


CholCheck: -0.05235318624866228
BMI: 0.04090638383193225
Smoker: -0.020491780056537266
Stroke: 0.028914428186191832
HeartDiseaseorAttack: 0.09901654429468129
PhysActivity: -0.11082392547366393
Fruits: -0.07563870937490402
Veggies: -0.09099387243839292
HvyAlcoholConsump: -0.045265031589527084
AnyHealthcare: -0.0671862403350227
NoDocbcCost: -0.020723492928281826
MentHlth: -0.009814650195837755
PhysHlth: 0.006775444329095432
DiffWalk: 0.07722797964649535
Sex: 0.06914892945360174
Age: 0.10474481661774192
