HighBP: 0.22066931614394758
HighChol: 0.1745453300217572
CholCheck: -0.0461640433279394
BMI: 0.03513669749758676
Smoker: -0.016473831389391746
Stroke: 0.022991154918122047
HeartDiseaseorAttack: 0.08092081697659549
PhysActivity: -0.09765408397193162
Fruits: -0.0672834844893063
Veggies: -0.07572317353945217
HvyAlcoholConsump: -0.037066450954208
AnyHealthcare: -0.05917022087635432
NoDocbcCost: -0.01724139043549285
GenHlth: 0.22445751131359118
MentHlth: -0.008795611120969767
PhysHlth: 0.009699396100580049
DiffWalk: 0.06459205870430666
Sex: 0.04231277039034111
Age: 0.09894434893068844
Education: -0.2942702289227965
Income: -0.16262807167165103
