HighBP: 0.03549227924915685
HighChol: 0.02571580024685729
CholCheck: -0.010112856805999658
BMI: 0.03873867740904837
Smoker: -0.0009679145848120057
Stroke: 0.0045336960731493835
HeartDiseaseorAttack: 0.013095188990148878
PhysActivity: -0.022581255428850353
Fruits: -0.013952317255199973
Veggies: -0.018294708147918726
HvyAlcoholConsump: -0.005486632334616548
AnyHealthcare: -0.012558700094980894
NoDocbcCost: -0.0010661015236557514
GenHlth: 0.04069121997620622
MentHlth: -0.004159199426728267
PhysHlth: 0.03116008937382297
DiffWalk: 0.015787267665517326
Sex: 0.0008150974899863189
Age: 0.04342655778887618
Education: -0.09740799996374173
Income: -0.13595708975398965
