Most significant for traditional model:
HighBP: 0.7361716373722174
HighChol: 0.7392053468087276
CholCheck: -0.4378361376246219
GenHlth: 0.5073450960781961
AnyHealthcare: -0.6131525138483535

Least significant for traditional model:
MentHlth: -0.0014441124895996432
PhysHlth: -0.00443690170088167
PhysActivity: -0.03412102828080663
Smoker: 0.03253066033071352
Income: -0.04239316436135464


Sex: 0.18949308892735825
Age: 0.1520181817873464
Education: -0.13985095449556156
NoDocbcCost: -0.26170748904196245
HvyAlcoholConsump: -1.1601297766607277


BMI: 0.06966270587856194

Stroke: 0.13848685332875293
HeartDiseaseorAttack: 0.1712744268596422

Fruits: -0.2058330154944643
Veggies: -0.08845189902644547

DiffWalk: 0.06469583914342081

